1,1,55.6,54.2,122.63,65.64999999999999,1,1,1.0
1,2,316.0,0.72,397.5,113.48,1,1,1.0
1,3,97.3,0.0,218.19,62.8,1,1,1.0
2,1,36.9,51.3,117.4,63.290000000000006,1,1,1.0
2,2,313.7,0.72,399.8,113.34,1,1,1.0
2,3,97.3,0.0,218.19,62.83,1,1,1.0
3,1,20.53,47.21,114.47,63.88999999999999,1,1,1.0
3,2,311.4,0.72,402.1,113.19,1,1,1.0
3,3,97.3,0.0,218.19,62.86,1,1,1.0
4,1,5.5,45.64,114.47,63.89,1,1,1.0
4,2,310.76,0.72,402.74,113.05,1,1,1.0
4,3,97.3,0.0,218.19,62.89,1,1,1.0
5,1,0.07,44.74,98.13000000000001,62.96,1,1,1.0
5,2,310.11,0.72,403.39,112.91,1,1,1.0
5,3,97.3,0.0,218.19,62.91,1,1,1.0
6,1,0.07,44.74,78.23,53.85999999999999,1,1,1.0
6,2,309.47,0.72,404.03,112.77,1,1,1.0
6,3,97.3,0.0,218.19,62.94,1,1,1.0
7,1,0.07,44.74,61.93,49.35999999999999,1,1,1.0
7,2,308.82,0.72,404.68,112.62,1,1,1.0
7,3,97.3,0.0,218.19,62.97,1,1,1.0
8,1,0.07,44.74,42.93,46.660000000000004,1,1,1.0
8,2,308.18,0.72,405.32,112.48,1,1,1.0
8,3,97.3,0.0,218.19,63.0,1,1,1.0
9,1,0.07,44.74,29.33,36.660000000000004,1,1,1.0
9,2,307.53,0.72,405.97,112.34,1,1,1.0
9,3,97.3,0.0,218.19,63.03,1,1,1.0
10,1,0.07,44.74,29.33,36.660000000000004,1,1,1.0
10,2,306.89,0.72,406.61,112.19,1,1,1.0
10,3,97.3,0.0,218.19,63.06,1,1,1.0
11,4,869.6,174.5,90.19999999999993,94.19999999999999,1,1,1.0
11,2,306.24,0.72,407.26,112.05,1,1,1.0
11,3,97.3,0.0,218.19,63.09,1,1,1.0
12,4,825.25,167.08,134.39,98.43999999999997,1,1,1.0
12,2,305.6,0.72,407.9,111.91,1,1,1.0
12,3,97.3,0.0,218.19,63.11,1,1,1.0
13,4,780.9,159.65,178.59000000000003,102.70000000000002,1,1,1.0
13,2,305.8,0.72,407.7,111.77,1,1,1.0
13,3,97.3,0.0,218.19,63.14,1,1,1.0
14,4,736.55,152.23,222.7800000000001,106.94000000000003,1,1,1.0
14,2,306.0,0.72,407.5,111.62,1,1,1.0
14,3,97.3,0.0,218.19,63.17,1,1,1.0
15,4,692.2,144.8,266.9699999999999,111.19999999999999,1,1,1.0
15,2,306.2,0.72,407.3,111.48,1,1,1.0
15,3,97.3,0.0,218.19,63.2,1,1,1.0
16,4,656.3,135.69,278.20000000000005,112.91,1,1,1.0
16,2,306.16,0.72,407.34,111.37,1,1,1.0
16,3,97.3,0.0,218.19,62.98,1,1,1.0
17,4,617.7,127.93,270.4,110.97,1,1,1.0
17,2,306.12,0.72,407.38,111.26,1,1,1.0
17,3,97.3,0.0,218.19,62.76,1,1,1.0
18,4,583.1,120.16,256.1,108.44,1,1,1.0
18,5,2.19,151.59,94.31,131.01000000000002,1,1,1.0
18,2,306.09,0.72,407.41,111.15,1,1,1.0
18,3,97.3,0.0,218.19,62.54,1,1,1.0
19,4,547.4,112.4,248.70000000000005,107.4,1,1,1.0
19,5,1.46,161.53,120.01,133.85,1,1,1.0
19,2,306.05,0.72,407.45,111.04,1,1,1.0
19,3,97.3,0.0,218.19,62.32,1,1,1.0
20,4,515.3,111.8,238.9000000000001,100.89999999999999,1,1,1.0
20,5,0.73,171.46,145.70000000000002,136.70000000000002,1,1,1.0
20,2,306.01,0.72,407.49,110.92,1,1,1.0
20,3,97.3,0.0,218.19,62.1,1,1,1.0
21,4,483.36,104.8,232.64,100.3,1,1,1.0
21,5,0.0,181.4,171.4,139.54,1,1,1.0
21,2,305.97,0.72,407.53,110.81,1,1,1.0
21,3,97.3,0.0,218.19,61.88,1,1,1.0
22,4,456.41,99.71,222.06,96.22000000000001,1,1,1.0
22,5,18.83,191.33,190.83999999999997,149.4,1,1,1.0
22,2,305.93,0.72,407.57,110.7,1,1,1.0
22,3,97.3,0.0,218.19,61.66,1,1,1.0
23,4,429.47,94.62,211.48000000000002,92.13,1,1,1.0
23,5,37.67,201.25,210.26999999999998,159.26999999999998,1,1,1.0
23,2,305.9,0.72,407.6,110.59,1,1,1.0
23,3,97.3,0.0,218.19,61.44,1,1,1.0
24,4,403.12,90.29,205.42999999999995,89.83999999999999,1,1,1.0
24,5,56.5,211.18,229.72000000000003,169.13,1,1,1.0
24,2,305.86,0.72,407.64,110.48,1,1,1.0
24,3,97.3,0.0,218.19,61.22,1,1,1.0
25,4,376.78,85.95,199.36,87.55999999999999,1,1,1.0
25,5,75.34,221.1,249.15,179.00000000000003,1,1,1.0
25,2,305.82,0.72,407.68,110.37,1,1,1.0
25,3,97.3,0.0,218.19,61.0,1,1,1.0
26,4,350.43,81.62,193.31,85.26999999999998,1,1,1.0
26,5,94.17,231.03,268.59,188.86999999999998,1,1,1.0
26,2,305.78,0.72,407.72,110.26,1,1,1.0
26,3,97.3,0.0,218.19,60.78,1,1,1.0
27,4,329.51,78.21,187.24,82.99,1,1,1.0
27,5,113.0,240.95,288.03,198.74,1,1,1.0
27,2,305.75,0.72,407.75,110.15,1,1,1.0
27,3,97.3,0.0,218.19,60.56,1,1,1.0
28,4,308.58,74.79,181.19,80.71,1,1,1.0
28,5,139.4,254.9,309.55999999999995,206.27,1,1,1.0
28,2,305.71,0.72,407.79,110.04,1,1,1.0
28,3,97.3,0.0,218.19,60.34,1,1,1.0
29,4,287.65,71.38,175.13,78.42000000000002,1,1,1.0
29,5,172.05,274.2,331.08,213.79000000000002,1,1,1.0
29,2,305.67,0.72,407.83,109.92,1,1,1.0
29,3,97.3,0.0,218.19,60.12,1,1,1.0
30,4,266.73,67.97,169.07,76.13,1,1,1.0
30,6,861.4,152.95,98.60000000000002,95.34,1,1,1.0
30,5,211.2,291.31,352.59999999999997,228.19,1,1,1.0
30,2,305.63,0.72,407.87,109.81,1,1,1.0
30,3,97.3,0.0,218.19,59.9,1,1,1.0
31,4,250.0,67.9,159.0,68.79999999999998,1,1,1.0
31,6,816.97,145.27,143.02999999999997,101.45999999999998,1,1,1.0
31,5,256.13,310.29,385.97,229.70999999999998,1,1,1.0
31,2,305.6,0.72,407.9,109.7,1,1,1.0
31,3,97.3,0.0,218.19,59.68,1,1,1.0
32,4,232.03,63.64,154.82000000000002,67.74999999999999,1,1,1.0
32,6,772.53,137.58,187.47000000000003,107.57999999999998,1,1,1.0
32,5,301.07,329.26,408.78000000000003,210.74,1,1,1.0
32,2,305.56,0.72,407.94,109.59,1,1,1.0
32,3,97.3,0.0,218.19,59.46,1,1,1.0
33,4,214.06,59.39,150.63,66.67999999999999,1,1,1.0
33,6,728.1,129.9,231.89999999999998,113.69999999999999,1,1,1.0
33,5,346.0,348.23,431.6,191.76999999999998,1,1,1.0
33,2,305.52,0.72,407.98,109.48,1,1,1.0
33,3,97.3,0.0,218.19,59.24,1,1,1.0
34,4,198.55,56.82,146.44,65.63,1,1,1.0
34,6,687.4,123.44,254.89999999999998,107.66,1,1,1.0
34,5,407.1,373.27,447.69999999999993,165.01999999999998,1,1,1.0
34,2,305.48,0.72,408.02,109.37,1,1,1.0
34,3,97.3,0.0,218.19,59.02,1,1,1.0
35,4,183.03,54.26,142.26000000000002,64.57,1,1,1.0
35,6,649.5,116.06,239.70000000000005,102.84,1,1,1.0
35,5,468.2,398.3,444.3,141.7,1,1,1.0
35,2,305.44,0.72,408.06,109.26,1,1,1.0
35,3,97.3,0.0,218.19,58.8,1,1,1.0
36,4,169.32,51.69,138.07,63.519999999999996,1,1,1.0
36,6,611.5,108.68,230.89999999999998,97.78999999999999,1,1,1.0
36,5,544.31,422.5,391.3900000000001,117.5,1,1,1.0
36,2,305.41,0.72,408.09,109.15,1,1,1.0
36,3,97.3,0.0,218.19,58.58,1,1,1.0
37,4,155.61,49.13,133.88,62.46,1,1,1.0
37,6,576.2,101.3,223.39999999999998,98.2,1,1,1.0
37,5,618.6,444.9,341.4,95.10000000000002,1,1,1.0
37,2,305.37,0.72,408.13,109.04,1,1,1.0
37,3,97.3,0.0,218.19,58.36,1,1,1.0
38,4,141.89,46.56,129.7,61.39999999999999,1,1,1.0
38,6,542.9,103.73,217.0,84.01,1,1,1.0
38,5,725.2,481.4,234.79999999999995,58.60000000000002,1,1,1.0
38,2,305.33,0.72,408.17,108.92,1,1,1.0
38,3,97.3,0.0,218.19,58.14,1,1,1.0
39,4,128.18,43.99,125.51999999999998,60.35,1,1,1.0
39,6,511.6,97.57,206.89999999999998,82.6,1,1,1.0
39,5,725.2,481.4,234.79999999999995,58.60000000000002,1,1,1.0
39,2,305.29,0.72,408.21,108.81,1,1,1.0
39,3,97.3,0.0,218.19,57.92,1,1,1.0
40,4,114.47,41.43,121.33000000000001,59.29,1,1,1.0
40,6,479.9,91.42,202.0,81.17999999999999,1,1,1.0
40,2,305.26,0.72,408.24,108.7,1,1,1.0
40,3,97.3,0.0,218.19,57.7,1,1,1.0
41,4,100.76,38.86,117.14,58.239999999999995,1,1,1.0
41,6,448.8,85.27,198.2,78.42999999999999,1,1,1.0
41,2,305.22,0.72,408.28,108.59,1,1,1.0
41,3,97.3,0.0,218.19,57.48,1,1,1.0
42,4,90.05,37.33,114.67,57.39,1,1,1.0
42,6,424.7,77.2,186.8,81.39999999999999,1,1,1.0
42,2,305.18,0.72,408.32,108.48,1,1,1.0
42,3,97.3,0.0,218.19,57.26,1,1,1.0
43,4,79.33,35.8,112.21,56.540000000000006,1,1,1.0
43,6,399.55,68.82,180.95,81.4,1,1,1.0
43,2,305.14,0.72,408.36,108.37,1,1,1.0
43,3,97.3,0.0,218.19,57.04,1,1,1.0
44,4,68.62,34.27,109.75,55.699999999999996,1,1,1.0
44,6,370.7,65.94,174.2,79.27000000000001,1,1,1.0
44,2,305.1,0.72,408.4,108.26,1,1,1.0
44,3,97.3,0.0,218.19,56.82,1,1,1.0
45,4,57.91,32.74,107.28,54.85,1,1,1.0
45,6,347.95,63.07,169.59999999999997,77.13,1,1,1.0
45,2,305.07,0.72,408.43,108.15,1,1,1.0
45,3,97.3,0.0,218.19,56.6,1,1,1.0
46,4,47.2,31.21,104.80999999999999,53.99999999999999,1,1,1.0
46,6,325.2,60.19,165.0,75.0,1,1,1.0
46,2,305.03,0.72,408.47,108.04,1,1,1.0
46,3,97.3,0.0,218.19,55.96,1,1,1.0
47,4,36.49,29.68,102.34,53.15,1,1,1.0
47,6,306.63,57.32,155.47000000000003,72.87,1,1,1.0
47,2,304.99,0.72,408.51,107.92,1,1,1.0
47,3,97.3,0.0,218.19,55.32,1,1,1.0
48,4,25.78,28.15,99.88,52.309999999999995,1,1,1.0
48,6,283.4,54.44,151.3,70.74000000000001,1,1,1.0
48,2,304.95,0.72,408.55,107.81,1,1,1.0
48,3,97.3,0.0,218.19,54.68,1,1,1.0
49,4,15.07,26.62,97.41,51.459999999999994,1,1,1.0
49,6,263.7,51.57,146.3,68.6,1,1,1.0
49,2,304.92,0.72,408.58,107.7,1,1,1.0
49,3,97.3,0.0,218.19,54.04,1,1,1.0
50,4,4.36,25.09,94.94,50.61,1,1,1.0
50,6,245.24,48.06,142.26999999999998,67.56,1,1,1.0
50,2,304.88,0.72,408.62,107.59,1,1,1.0
50,3,97.3,0.0,218.19,53.4,1,1,1.0
51,4,1.8,22.4,87.8,49.800000000000004,1,1,1.0
51,6,228.17,46.06,137.89000000000001,66.50999999999999,1,1,1.0
51,2,304.84,0.72,408.66,107.48,1,1,1.0
51,3,97.3,0.0,218.19,52.76,1,1,1.0
52,4,1.8,22.4,78.4,47.699999999999996,1,1,1.0
52,6,211.1,44.05,133.50000000000003,65.47,1,1,1.0
52,2,304.8,0.72,408.7,107.37,1,1,1.0
52,3,97.3,0.0,218.19,52.12,1,1,1.0
53,4,0.9,21.35,69.89999999999999,48.74999999999999,1,1,1.0
53,6,195.73,42.04,129.57000000000002,64.41999999999999,1,1,1.0
53,2,304.76,0.72,408.74,107.26,1,1,1.0
53,3,97.3,0.0,218.19,51.48,1,1,1.0
54,4,0.0,20.3,61.4,49.8,1,1,1.0
54,6,180.37,40.04,125.63,63.37,1,1,1.0
54,2,304.73,0.72,408.77,107.15,1,1,1.0
54,3,97.3,0.0,218.19,50.84,1,1,1.0
55,4,0.0,20.3,48.8,42.5,1,1,1.0
55,6,165.0,38.03,121.69999999999999,62.33,1,1,1.0
55,2,304.69,0.72,408.81,107.04,1,1,1.0
55,3,97.3,0.0,218.19,50.2,1,1,1.0
56,4,0.0,20.3,42.0,40.95,1,1,1.0
56,6,151.98,36.03,115.52000000000001,61.28,1,1,1.0
56,2,304.65,0.72,408.85,106.92,1,1,1.0
56,3,97.3,0.0,218.19,50.2,1,1,1.0
57,4,0.0,20.3,35.2,39.400000000000006,1,1,1.0
57,6,138.96,34.02,112.35999999999999,60.24,1,1,1.0
57,2,304.61,0.72,408.89,106.81,1,1,1.0
57,3,97.3,0.0,218.19,50.2,1,1,1.0
58,4,0.0,21.3,24.4,37.400000000000006,1,1,1.0
58,6,125.93,32.01,109.20999999999998,59.199999999999996,1,1,1.0
58,2,304.58,0.72,408.92,106.7,1,1,1.0
58,3,97.3,0.0,218.19,50.2,1,1,1.0
59,4,0.0,21.3,17.4,35.349999999999994,1,1,1.0
59,6,112.91,30.01,106.05000000000001,58.14999999999999,1,1,1.0
59,2,304.54,0.72,408.96,106.59,1,1,1.0
59,3,97.3,0.0,218.19,50.2,1,1,1.0
60,4,0.0,21.3,10.4,33.3,1,1,1.0
60,6,102.9,28.3,101.0,57.60000000000001,1,1,1.0
60,2,304.5,0.72,409.0,106.48,1,1,1.0
60,3,97.3,0.0,218.19,50.2,1,1,1.0
